0 0 0 7929 1792 4 0 
1 0 0 3964 896 4 0 
11 0 0 1982 448 0 4 155 160 164 166 
12 1982 0 3964 448 0 0 
13 0 448 1982 896 4 0 
131 0 448 991 1120 4 0 
1311 0 448 495 1232 0 1 153 
1312 495 448 990 1232 4 0 
13121 495 448 1237 1288 4 0 
131211 495 448 1361 1316 4 0 
1312111 495 448 1423 1330 4 0 
13121111 495 448 1454 1337 4 0 
131211111 495 448 1469 1340 0 2 154 165 
131211112 1469 448 2443 1340 0 0 
131211113 495 1340 1469 2232 0 0 
131211114 1469 1340 2443 2232 0 0 
13121112 1454 448 2413 1337 0 0 
13121113 495 1337 1454 2226 0 0 
13121114 1454 1337 2413 2226 0 0 
1312112 1423 448 2351 1330 0 0 
1312113 495 1330 1423 2212 0 0 
1312114 1423 1330 2351 2212 0 0 
131212 1361 448 2227 1316 0 0 
131213 495 1316 1361 2184 0 0 
131214 1361 1316 2227 2184 0 0 
13122 1237 448 1979 1288 0 0 
13123 495 1288 1237 2128 0 0 
13124 1237 1288 1979 2128 0 0 
1313 0 1232 495 2016 0 0 
1314 495 1232 990 2016 0 0 
132 991 448 1982 1120 4 0 
1321 991 448 2477 1232 4 0 
13211 991 448 2725 1288 4 0 
132111 991 448 2849 1316 4 0 
1321111 991 448 2911 1330 4 0 
13211111 991 448 2942 1337 4 0 
132111111 991 448 2957 1340 0 5 156 158 159 161 162 
132111112 2957 448 4923 1340 0 0 
132111113 991 1340 2957 2232 0 0 
132111114 2957 1340 4923 2232 0 0 
13211112 2942 448 4893 1337 0 0 
13211113 991 1337 2942 2226 0 0 
13211114 2942 1337 4893 2226 0 0 
1321112 2911 448 4831 1330 0 0 
1321113 991 1330 2911 2212 0 0 
1321114 2911 1330 4831 2212 0 0 
132112 2849 448 4707 1316 0 0 
132113 991 1316 2849 2184 0 0 
132114 2849 1316 4707 2184 0 0 
13212 2725 448 4459 1288 0 0 
13213 991 1288 2725 2128 0 0 
13214 2725 1288 4459 2128 0 0 
1322 2477 448 3963 1232 0 0 
1323 991 1232 2477 2016 0 0 
1324 2477 1232 3963 2016 0 0 
133 0 1120 991 1792 0 0 
134 991 1120 1982 1792 0 0 
14 1982 448 3964 896 4 0 
141 1982 448 4955 1120 4 0 
1411 1982 448 5450 1232 4 0 
14111 1982 448 5698 1288 4 0 
141111 1982 448 5822 1316 4 0 
1411111 1982 448 5884 1330 4 0 
14111111 1982 448 5915 1337 4 0 
141111111 1982 448 5930 1340 0 10 167 168 169 170 171 174 175 188 192 193 
141111112 5930 448 9878 1340 0 0 
141111113 1982 1340 5930 2232 0 0 
141111114 5930 1340 9878 2232 0 0 
14111112 5915 448 9848 1337 0 0 
14111113 1982 1337 5915 2226 0 0 
14111114 5915 1337 9848 2226 0 0 
1411112 5884 448 9786 1330 0 0 
1411113 1982 1330 5884 2212 0 0 
1411114 5884 1330 9786 2212 0 0 
141112 5822 448 9662 1316 0 0 
141113 1982 1316 5822 2184 0 0 
141114 5822 1316 9662 2184 0 0 
14112 5698 448 9414 1288 0 0 
14113 1982 1288 5698 2128 0 0 
14114 5698 1288 9414 2128 0 0 
1412 5450 448 8918 1232 0 0 
1413 1982 1232 5450 2016 0 0 
1414 5450 1232 8918 2016 0 0 
142 4955 448 7928 1120 0 0 
143 1982 1120 4955 1792 0 0 
144 4955 1120 7928 1792 0 0 
2 3964 0 7928 896 4 0 
21 3964 0 9910 448 0 0 
22 9910 0 15856 448 0 0 
23 3964 448 9910 896 4 0 
231 3964 448 10901 1120 4 0 
2311 3964 448 11396 1232 4 0 
23111 3964 448 11644 1288 4 0 
231111 3964 448 11768 1316 4 0 
2311111 3964 448 11830 1330 4 0 
23111111 3964 448 11861 1337 4 0 
231111111 3964 448 11876 1340 0 3 176 177 192 
231111112 11876 448 19788 1340 0 0 
231111113 3964 1340 11876 2232 0 0 
231111114 11876 1340 19788 2232 0 0 
23111112 11861 448 19758 1337 0 0 
23111113 3964 1337 11861 2226 0 0 
23111114 11861 1337 19758 2226 0 0 
2311112 11830 448 19696 1330 0 0 
2311113 3964 1330 11830 2212 0 0 
2311114 11830 1330 19696 2212 0 0 
231112 11768 448 19572 1316 0 0 
231113 3964 1316 11768 2184 0 0 
231114 11768 1316 19572 2184 0 0 
23112 11644 448 19324 1288 0 0 
23113 3964 1288 11644 2128 0 0 
23114 11644 1288 19324 2128 0 0 
2312 11396 448 18828 1232 0 0 
2313 3964 1232 11396 2016 0 0 
2314 11396 1232 18828 2016 0 0 
232 10901 448 17838 1120 0 0 
233 3964 1120 10901 1792 0 0 
234 10901 1120 17838 1792 0 0 
24 9910 448 15856 896 0 0 
3 0 896 3964 1792 0 1 192 
4 3964 896 7928 1792 4 0 
41 3964 896 9910 2240 4 0 
411 3964 896 10901 2464 4 0 
4111 3964 896 11396 2576 4 0 
41111 3964 896 11644 2632 4 0 
411111 3964 896 11768 2660 4 0 
4111111 3964 896 11830 2674 4 0 
41111111 3964 896 11861 2681 4 0 
411111111 3964 896 11876 2684 0 13 179 180 181 183 184 185 186 187 189 190 191 192 194 
411111112 11876 896 19788 2684 0 0 
411111113 3964 2684 11876 4472 0 0 
411111114 11876 2684 19788 4472 0 0 
41111112 11861 896 19758 2681 0 0 
41111113 3964 2681 11861 4466 0 0 
41111114 11861 2681 19758 4466 0 0 
4111112 11830 896 19696 2674 0 0 
4111113 3964 2674 11830 4452 0 0 
4111114 11830 2674 19696 4452 0 0 
411112 11768 896 19572 2660 0 0 
411113 3964 2660 11768 4424 0 0 
411114 11768 2660 19572 4424 0 0 
41112 11644 896 19324 2632 0 0 
41113 3964 2632 11644 4368 0 0 
41114 11644 2632 19324 4368 0 0 
4112 11396 896 18828 2576 0 0 
4113 3964 2576 11396 4256 0 0 
4114 11396 2576 18828 4256 0 0 
412 10901 896 17838 2464 0 0 
413 3964 2464 10901 4032 0 0 
414 10901 2464 17838 4032 0 0 
42 9910 896 15856 2240 0 0 
43 3964 2240 9910 3584 0 0 
44 9910 2240 15856 3584 0 0 
