0 0 0 7937 1792 4 0 
1 0 0 3968 896 4 0 
11 0 0 1984 448 0 18 13 14 15 17 18 19 23 24 25 26 27 28 30 31 32 34 48 129 
12 1984 0 3968 448 0 4 32 33 129 140 
13 0 448 1984 896 4 0 
131 0 448 992 1120 4 0 
1311 0 448 496 1232 0 6 1 2 3 4 5 146 
1312 496 448 992 1232 4 0 
13121 496 448 1240 1288 4 0 
131211 496 448 1364 1316 4 0 
1312111 496 448 1426 1330 0 12 3 5 6 7 9 10 11 13 14 22 138 145 
1312112 1426 448 2356 1330 0 0 
1312113 496 1330 1426 2212 0 0 
1312114 1426 1330 2356 2212 0 0 
131212 1364 448 2232 1316 0 0 
131213 496 1316 1364 2184 0 0 
131214 1364 1316 2232 2184 0 0 
13122 1240 448 1984 1288 0 0 
13123 496 1288 1240 2128 0 0 
13124 1240 1288 1984 2128 0 0 
1313 0 1232 496 2016 0 0 
1314 496 1232 992 2016 0 0 
132 992 448 1984 1120 4 0 
1321 992 448 2480 1232 4 0 
13211 992 448 2728 1288 4 0 
132111 992 448 2852 1316 4 0 
1321111 992 448 2914 1330 0 13 11 12 14 21 34 36 48 49 51 131 130 129 138 
1321112 2914 448 4836 1330 0 0 
1321113 992 1330 2914 2212 0 0 
1321114 2914 1330 4836 2212 0 0 
132112 2852 448 4712 1316 0 0 
132113 992 1316 2852 2184 0 0 
132114 2852 1316 4712 2184 0 0 
13212 2728 448 4464 1288 0 0 
13213 992 1288 2728 2128 0 0 
13214 2728 1288 4464 2128 0 0 
1322 2480 448 3968 1232 0 0 
1323 992 1232 2480 2016 0 0 
1324 2480 1232 3968 2016 0 0 
133 0 1120 992 1792 0 0 
134 992 1120 1984 1792 0 0 
14 1984 448 3968 896 4 0 
141 1984 448 4960 1120 4 0 
1411 1984 448 5456 1232 4 0 
14111 1984 448 5704 1288 4 0 
141111 1984 448 5828 1316 4 0 
1411111 1984 448 5890 1330 0 28 33 38 39 40 41 44 45 51 52 53 54 55 56 57 58 59 60 61 62 63 64 65 66 68 76 131 129 141 
1411112 5890 448 9796 1330 0 0 
1411113 1984 1330 5890 2212 0 0 
1411114 5890 1330 9796 2212 0 0 
141112 5828 448 9672 1316 0 0 
141113 1984 1316 5828 2184 0 0 
141114 5828 1316 9672 2184 0 0 
14112 5704 448 9424 1288 0 0 
14113 1984 1288 5704 2128 0 0 
14114 5704 1288 9424 2128 0 0 
1412 5456 448 8928 1232 0 0 
1413 1984 1232 5456 2016 0 0 
1414 5456 1232 8928 2016 0 0 
142 4960 448 7936 1120 0 0 
143 1984 1120 4960 1792 0 0 
144 4960 1120 7936 1792 0 0 
2 3968 0 7936 896 4 0 
21 3968 0 9920 448 0 0 
22 9920 0 15872 448 0 0 
23 3968 448 9920 896 4 0 
231 3968 448 10912 1120 4 0 
2311 3968 448 11408 1232 4 0 
23111 3968 448 11656 1288 4 0 
231111 3968 448 11780 1316 4 0 
2311111 3968 448 11842 1330 0 11 69 70 71 72 73 78 79 80 81 82 86 
2311112 11842 448 19716 1330 0 0 
2311113 3968 1330 11842 2212 0 0 
2311114 11842 1330 19716 2212 0 0 
231112 11780 448 19592 1316 0 0 
231113 3968 1316 11780 2184 0 0 
231114 11780 1316 19592 2184 0 0 
23112 11656 448 19344 1288 0 0 
23113 3968 1288 11656 2128 0 0 
23114 11656 1288 19344 2128 0 0 
2312 11408 448 18848 1232 0 0 
2313 3968 1232 11408 2016 0 0 
2314 11408 1232 18848 2016 0 0 
232 10912 448 17856 1120 0 0 
233 3968 1120 10912 1792 0 1 86 
234 10912 1120 17856 1792 0 0 
24 9920 448 15872 896 0 0 
3 0 896 3968 1792 4 0 
31 0 896 1984 2240 4 0 
311 0 896 992 2464 0 0 
312 992 896 1984 2464 4 0 
3121 992 896 2480 2576 4 0 
31211 992 896 2728 2632 4 0 
312111 992 896 2852 2660 4 0 
3121111 992 896 2914 2674 0 6 34 35 36 37 42 139 
3121112 2914 896 4836 2674 0 0 
3121113 992 2674 2914 4452 0 0 
3121114 2914 2674 4836 4452 0 0 
312112 2852 896 4712 2660 0 0 
312113 992 2660 2852 4424 0 0 
312114 2852 2660 4712 4424 0 0 
31212 2728 896 4464 2632 0 0 
31213 992 2632 2728 4368 0 0 
31214 2728 2632 4464 4368 0 0 
3122 2480 896 3968 2576 0 1 42 
3123 992 2576 2480 4256 0 0 
3124 2480 2576 3968 4256 0 0 
313 0 2464 992 4032 0 0 
314 992 2464 1984 4032 0 0 
32 1984 896 3968 2240 4 0 
321 1984 896 4960 2464 4 0 
3211 1984 896 5456 2576 4 0 
32111 1984 896 5704 2632 4 0 
321111 1984 896 5828 2660 4 0 
3211111 1984 896 5890 2674 0 5 42 43 52 75 76 
3211112 5890 896 9796 2674 0 0 
3211113 1984 2674 5890 4452 0 0 
3211114 5890 2674 9796 4452 0 0 
321112 5828 896 9672 2660 0 0 
321113 1984 2660 5828 4424 0 0 
321114 5828 2660 9672 4424 0 0 
32112 5704 896 9424 2632 0 0 
32113 1984 2632 5704 4368 0 0 
32114 5704 2632 9424 4368 0 0 
3212 5456 896 8928 2576 0 0 
3213 1984 2576 5456 4256 0 0 
3214 5456 2576 8928 4256 0 0 
322 4960 896 7936 2464 0 1 75 
323 1984 2464 4960 4032 0 0 
324 4960 2464 7936 4032 0 0 
33 0 2240 1984 3584 0 0 
34 1984 2240 3968 3584 0 0 
4 3968 896 7936 1792 4 0 
41 3968 896 9920 2240 4 0 
411 3968 896 10912 2464 4 0 
4111 3968 896 11408 2576 4 0 
41111 3968 896 11656 2632 4 0 
411111 3968 896 11780 2660 4 0 
4111111 3968 896 11842 2674 0 44 75 83 84 85 86 87 88 89 90 91 92 93 94 96 97 98 99 100 101 102 103 104 105 106 107 108 110 111 112 113 114 115 116 118 119 120 137 136 134 135 132 142 143 144 
4111112 11842 896 19716 2674 0 0 
4111113 3968 2674 11842 4452 0 0 
4111114 11842 2674 19716 4452 0 0 
411112 11780 896 19592 2660 0 0 
411113 3968 2660 11780 4424 0 0 
411114 11780 2660 19592 4424 0 0 
41112 11656 896 19344 2632 0 0 
41113 3968 2632 11656 4368 0 0 
41114 11656 2632 19344 4368 0 0 
4112 11408 896 18848 2576 0 0 
4113 3968 2576 11408 4256 0 0 
4114 11408 2576 18848 4256 0 0 
412 10912 896 17856 2464 0 0 
413 3968 2464 10912 4032 0 0 
414 10912 2464 17856 4032 0 0 
42 9920 896 15872 2240 0 0 
43 3968 2240 9920 3584 0 0 
44 9920 2240 15872 3584 0 0 
