1 0 0 2 692 351 768
2 0 0 354 644 511 693
3 0 0 514 598 639 697
4 0 0 643 696 845 723
5 0 0 1 511 254 576
6 0 0 261 512 384 560
7 0 0 389 513 801 525
9 0 0 945 693 1022 724
10 0 0 994 478 1004 683
11 0 0 946 433 1022 469
12 0 0 772 435 845 468
13 0 0 773 472 798 514
14 0 0 773 217 799 433
15 0 0 996 217 1003 437
16 0 0 947 176 1021 209
17 0 0 772 178 846 211
18 0 0 772 2 797 183
19 0 0 802 1 995 14
20 0 0 999 17 1263 28
21 0 0 1267 18 1309 61
22 0 0 1025 175 1087 206
24 0 0 1090 132 1181 185
25 0 0 1185 160 1246 193
26 0 0 1249 194 1696 243
52 0 0 1393 9 1616 95
28 0 0 1601 196 1696 288
30 0 0 1538 285 1566 968
31 0 0 1568 430 1632 463
32 0 0 1568 464 1588 476
33 0 0 1567 689 1632 716
34 0 0 1569 717 1584 734
35 0 0 1569 945 1629 963
36 0 0 1571 288 1632 305
37 0 0 1573 306 1588 314
41 0 0 2003 261 2015 364
42 0 0 2002 467 2016 622
43 0 0 1936 559 2000 605
46 0 0 1714 867 1823 940
47 0 0 1826 899 1885 959
48 0 0 1889 948 2304 973
49 0 0 1585 964 1630 1022
50 0 0 1715 941 1759 1022
51 0 0 2017 160 2078 177
55 1 0 1715 433 2001 456
56 1 0 1569 560 1887 587
58 1 0 1713 688 2016 716
60 2 0 2000 626 2024 682
61 2 0 2001 176 2027 254
62 0 0 2001 365 2016 466
63 0 0 2082 82 2126 175
64 0 0 2129 159 2271 190
66 0 0 2271 29 2295 172
67 0 0 1615 8 2270 29
68 0 0 2275 776 2304 895
69 0 0 2001 722 2270 830
71 3 0 2284 898 2296 947
72 2 0 1632 1020 1713 1028
73 2 0 801 764 993 767
74 0 0 771 730 797 765
75 0 0 994 730 1023 768
