0 0 0 2304 1024 4 0 
1 0 0 1152 512 4 0 
11 0 0 576 256 0 0 
12 576 0 1152 256 4 0 
121 576 0 1440 128 0 3 18 19 20 
122 1440 0 2304 128 0 0 
123 576 128 1440 256 4 0 
1231 576 128 1584 320 4 0 
12311 576 128 1656 352 4 0 
123111 576 128 1692 368 4 0 
1231111 576 128 1710 376 4 0 
12311111 576 128 1719 380 4 0 
123111111 576 128 1723 382 4 0 
1231111111 576 128 1725 383 0 7 14 15 16 17 18 22 24 
1231111112 1725 128 2874 383 0 0 
1231111113 576 383 1725 638 0 2 14 15 
1231111114 1725 383 2874 638 0 0 
123111112 1723 128 2870 382 0 0 
123111113 576 382 1723 636 4 2 14 15 
1231111131 576 382 1725 891 0 0 
1231111132 1725 382 2874 891 0 0 
1231111133 576 891 1725 1400 0 0 
1231111134 1725 891 2874 1400 0 0 
123111114 1723 382 2870 636 0 0 
12311112 1719 128 2862 380 0 0 
12311113 576 380 1719 632 4 2 14 15 
123111131 576 380 1723 886 0 0 
123111132 1723 380 2870 886 0 0 
123111133 576 886 1723 1392 0 0 
123111134 1723 886 2870 1392 0 0 
12311114 1719 380 2862 632 0 0 
1231112 1710 128 2844 376 0 0 
1231113 576 376 1710 624 4 2 14 15 
12311131 576 376 1719 876 0 0 
12311132 1719 376 2862 876 0 0 
12311133 576 876 1719 1376 0 0 
12311134 1719 876 2862 1376 0 0 
1231114 1710 376 2844 624 0 0 
123112 1692 128 2808 368 0 0 
123113 576 368 1692 608 4 2 14 15 
1231131 576 368 1710 856 0 0 
1231132 1710 368 2844 856 0 0 
1231133 576 856 1710 1344 0 0 
1231134 1710 856 2844 1344 0 0 
123114 1692 368 2808 608 0 0 
12312 1656 128 2736 352 0 0 
12313 576 352 1656 576 4 2 14 15 
123131 576 352 1692 816 0 0 
123132 1692 352 2808 816 0 0 
123133 576 816 1692 1280 0 0 
123134 1692 816 2808 1280 0 0 
12314 1656 352 2736 576 0 0 
1232 1584 128 2592 320 0 0 
1233 576 320 1584 512 4 2 14 15 
12331 576 320 1656 736 0 0 
12332 1656 320 2736 736 0 0 
12333 576 736 1656 1152 0 0 
12334 1656 736 2736 1152 0 0 
1234 1584 320 2592 512 0 0 
124 1440 128 2304 256 0 0 
13 0 256 576 512 0 1 5 
14 576 256 1152 512 4 0 
141 576 256 1440 640 4 0 
1411 576 256 1584 704 4 0 
14111 576 256 1656 736 4 0 
141111 576 256 1692 752 4 0 
1411111 576 256 1710 760 4 0 
14111111 576 256 1719 764 4 0 
141111111 576 256 1723 766 4 0 
1411111111 576 256 1725 767 0 6 10 11 12 13 14 15 
1411111112 1725 256 2874 767 0 0 
1411111113 576 767 1725 1278 0 0 
1411111114 1725 767 2874 1278 0 0 
141111112 1723 256 2870 766 0 0 
141111113 576 766 1723 1276 0 0 
141111114 1723 766 2870 1276 0 0 
14111112 1719 256 2862 764 0 0 
14111113 576 764 1719 1272 0 0 
14111114 1719 764 2862 1272 0 0 
1411112 1710 256 2844 760 0 0 
1411113 576 760 1710 1264 0 0 
1411114 1710 760 2844 1264 0 0 
141112 1692 256 2808 752 0 0 
141113 576 752 1692 1248 0 0 
141114 1692 752 2808 1248 0 0 
14112 1656 256 2736 736 0 0 
14113 576 736 1656 1216 0 0 
14114 1656 736 2736 1216 0 0 
1412 1584 256 2592 704 0 0 
1413 576 704 1584 1152 0 0 
1414 1584 704 2592 1152 0 0 
142 1440 256 2304 640 0 0 
143 576 640 1440 1024 0 1 10 
144 1440 640 2304 1024 0 0 
2 1152 0 2304 512 4 0 
21 1152 0 2880 256 4 0 
211 1152 0 3168 128 0 6 20 21 52 63 66 67 
212 3168 0 5184 128 0 0 
213 1152 128 3168 256 4 0 
2131 1152 128 3312 320 4 0 
21311 1152 128 3384 352 4 0 
213111 1152 128 3420 368 4 0 
2131111 1152 128 3438 376 4 0 
21311111 1152 128 3447 380 4 0 
213111111 1152 128 3451 382 4 0 
2131111111 1152 128 3453 383 0 9 24 25 26 28 51 61 63 64 66 
2131111112 3453 128 5754 383 0 0 
2131111113 1152 383 3453 638 0 0 
2131111114 3453 383 5754 638 0 0 
213111112 3451 128 5750 382 0 0 
213111113 1152 382 3451 636 0 0 
213111114 3451 382 5750 636 0 0 
21311112 3447 128 5742 380 0 0 
21311113 1152 380 3447 632 0 0 
21311114 3447 380 5742 632 0 0 
2131112 3438 128 5724 376 0 0 
2131113 1152 376 3438 624 0 0 
2131114 3438 376 5724 624 0 0 
213112 3420 128 5688 368 0 0 
213113 1152 368 3420 608 0 0 
213114 3420 368 5688 608 0 0 
21312 3384 128 5616 352 0 0 
21313 1152 352 3384 576 0 0 
21314 3384 352 5616 576 0 0 
2132 3312 128 5472 320 0 0 
2133 1152 320 3312 512 0 0 
2134 3312 320 5472 512 0 0 
214 3168 128 5184 256 0 0 
22 2880 0 4608 256 0 0 
23 1152 256 2880 512 4 0 
231 1152 256 3168 640 4 0 
2311 1152 256 3312 704 4 0 
23111 1152 256 3384 736 4 0 
231111 1152 256 3420 752 4 0 
2311111 1152 256 3438 760 4 0 
23111111 1152 256 3447 764 4 0 
231111111 1152 256 3451 766 4 0 
2311111111 1152 256 3453 767 0 10 28 30 31 32 36 37 41 42 55 62 
2311111112 3453 256 5754 767 0 0 
2311111113 1152 767 3453 1278 0 1 30 
2311111114 3453 767 5754 1278 0 0 
231111112 3451 256 5750 766 0 0 
231111113 1152 766 3451 1276 0 1 30 
231111114 3451 766 5750 1276 0 0 
23111112 3447 256 5742 764 0 0 
23111113 1152 764 3447 1272 0 1 30 
23111114 3447 764 5742 1272 0 0 
2311112 3438 256 5724 760 0 0 
2311113 1152 760 3438 1264 0 1 30 
2311114 3438 760 5724 1264 0 0 
231112 3420 256 5688 752 0 0 
231113 1152 752 3420 1248 0 1 30 
231114 3420 752 5688 1248 0 0 
23112 3384 256 5616 736 0 0 
23113 1152 736 3384 1216 0 1 30 
23114 3384 736 5616 1216 0 0 
2312 3312 256 5472 704 0 0 
2313 1152 704 3312 1152 0 1 30 
2314 3312 704 5472 1152 0 0 
232 3168 256 5184 640 0 0 
233 1152 640 3168 1024 0 1 30 
234 3168 640 5184 1024 0 0 
24 2880 256 4608 512 0 0 
3 0 512 1152 1024 4 0 
31 0 512 576 1280 4 0 
311 0 512 288 1408 4 0 
3111 0 512 144 1472 0 2 1 5 
3112 144 512 288 1472 4 0 
31121 144 512 360 1504 4 0 
311211 144 512 396 1520 4 0 
3112111 144 512 414 1528 4 0 
31121111 144 512 423 1532 4 0 
311211111 144 512 427 1534 4 0 
3112111111 144 512 429 1535 0 3 1 5 6 
3112111112 429 512 714 1535 0 0 
3112111113 144 1535 429 2558 0 0 
3112111114 429 1535 714 2558 0 0 
311211112 427 512 710 1534 0 0 
311211113 144 1534 427 2556 0 0 
311211114 427 1534 710 2556 0 0 
31121112 423 512 702 1532 0 0 
31121113 144 1532 423 2552 0 0 
31121114 423 1532 702 2552 0 0 
3112112 414 512 684 1528 0 0 
3112113 144 1528 414 2544 0 0 
3112114 414 1528 684 2544 0 0 
311212 396 512 648 1520 0 0 
311213 144 1520 396 2528 0 0 
311214 396 1520 648 2528 0 0 
31122 360 512 576 1504 0 1 6 
31123 144 1504 360 2496 0 0 
31124 360 1504 576 2496 0 0 
3113 0 1472 144 2432 0 0 
3114 144 1472 288 2432 0 0 
312 288 512 576 1408 4 0 
3121 288 512 720 1472 4 0 
31211 288 512 792 1504 4 0 
312111 288 512 828 1520 4 0 
3121111 288 512 846 1528 4 0 
31211111 288 512 855 1532 4 0 
312111111 288 512 859 1534 4 0 
3121111111 288 512 861 1535 0 5 1 2 3 6 7 
3121111112 861 512 1434 1535 0 0 
3121111113 288 1535 861 2558 0 0 
3121111114 861 1535 1434 2558 0 0 
312111112 859 512 1430 1534 0 0 
312111113 288 1534 859 2556 0 0 
312111114 859 1534 1430 2556 0 0 
31211112 855 512 1422 1532 0 0 
31211113 288 1532 855 2552 0 0 
31211114 855 1532 1422 2552 0 0 
3121112 846 512 1404 1528 0 0 
3121113 288 1528 846 2544 0 0 
3121114 846 1528 1404 2544 0 0 
312112 828 512 1368 1520 0 0 
312113 288 1520 828 2528 0 0 
312114 828 1520 1368 2528 0 0 
31212 792 512 1296 1504 0 1 7 
31213 288 1504 792 2496 0 0 
31214 792 1504 1296 2496 0 0 
3122 720 512 1152 1472 0 1 7 
3123 288 1472 720 2432 0 0 
3124 720 1472 1152 2432 0 0 
313 0 1408 288 2304 0 0 
314 288 1408 576 2304 0 0 
32 576 512 1152 1280 4 0 
321 576 512 1440 1408 4 0 
3211 576 512 1584 1472 4 0 
32111 576 512 1656 1504 4 0 
321111 576 512 1692 1520 4 0 
3211111 576 512 1710 1528 4 0 
32111111 576 512 1719 1532 4 0 
321111111 576 512 1723 1534 4 0 
3211111111 576 512 1725 1535 0 9 3 4 7 9 10 13 73 74 75 
3211111112 1725 512 2874 1535 0 0 
3211111113 576 1535 1725 2558 0 0 
3211111114 1725 1535 2874 2558 0 0 
321111112 1723 512 2870 1534 0 0 
321111113 576 1534 1723 2556 0 0 
321111114 1723 1534 2870 2556 0 0 
32111112 1719 512 2862 1532 0 0 
32111113 576 1532 1719 2552 0 0 
32111114 1719 1532 2862 2552 0 0 
3211112 1710 512 2844 1528 0 0 
3211113 576 1528 1710 2544 0 0 
3211114 1710 1528 2844 2544 0 0 
321112 1692 512 2808 1520 0 0 
321113 576 1520 1692 2528 0 0 
321114 1692 1520 2808 2528 0 0 
32112 1656 512 2736 1504 0 0 
32113 576 1504 1656 2496 0 0 
32114 1656 1504 2736 2496 0 0 
3212 1584 512 2592 1472 0 0 
3213 576 1472 1584 2432 0 0 
3214 1584 1472 2592 2432 0 0 
322 1440 512 2304 1408 0 0 
323 576 1408 1440 2304 0 0 
324 1440 1408 2304 2304 0 0 
33 0 1280 576 2048 0 0 
34 576 1280 1152 2048 0 0 
4 1152 512 2304 1024 4 0 
41 1152 512 2880 1280 4 0 
411 1152 512 3168 1408 4 0 
4111 1152 512 3312 1472 4 0 
41111 1152 512 3384 1504 4 0 
411111 1152 512 3420 1520 4 0 
4111111 1152 512 3438 1528 4 0 
41111111 1152 512 3447 1532 4 0 
411111111 1152 512 3451 1534 4 0 
4111111111 1152 512 3453 1535 0 18 30 33 34 35 42 43 46 47 48 49 50 56 58 60 68 69 71 72 
4111111112 3453 512 5754 1535 0 0 
4111111113 1152 1535 3453 2558 0 0 
4111111114 3453 1535 5754 2558 0 0 
411111112 3451 512 5750 1534 0 0 
411111113 1152 1534 3451 2556 0 0 
411111114 3451 1534 5750 2556 0 0 
41111112 3447 512 5742 1532 0 0 
41111113 1152 1532 3447 2552 0 0 
41111114 3447 1532 5742 2552 0 0 
4111112 3438 512 5724 1528 0 0 
4111113 1152 1528 3438 2544 0 0 
4111114 3438 1528 5724 2544 0 0 
411112 3420 512 5688 1520 0 0 
411113 1152 1520 3420 2528 0 0 
411114 3420 1520 5688 2528 0 0 
41112 3384 512 5616 1504 0 0 
41113 1152 1504 3384 2496 0 0 
41114 3384 1504 5616 2496 0 0 
4112 3312 512 5472 1472 0 0 
4113 1152 1472 3312 2432 0 0 
4114 3312 1472 5472 2432 0 0 
412 3168 512 5184 1408 0 0 
413 1152 1408 3168 2304 0 0 
414 3168 1408 5184 2304 0 0 
42 2880 512 4608 1280 0 0 
43 1152 1280 2880 2048 0 0 
44 2880 1280 4608 2048 0 0 
